1 0
2 -0.015491
3 -0.001116
4 -0.003795
5 0.000546
6 -0.000223
7 0.00121
8 0.002185
9 -0.003444
10 -0.003263
11 -0.001295
12 -0.001447
13 -0.000575
14 -0.001535
15 0.000366
16 -0.00143
17 0.000598
18 -0.001719
19 0.001105
20 -0.002546
21 -0.001594
22 -0.001984
23 -0.002298
24 0.000986
25 -0.001112
26 -0.0013
27 -0.000896
28 -0.000361
29 -7.6e-05
30 -0.000668
31 -0.001071
32 -0.00056
33 -0.000895
34 -0.000626
35 0.001225
36 -0.000867
37 7e-06
38 0.000217
39 -0.000456
40 -0.002187
41 0.001069
42 -0.001726
43 0.001281
44 0.000374
45 -0.001573
46 -6e-06
47 -0.000402
48 -0.000125
49 0.000897
50 0.000607
51 -0.001563
52 -0.000564
53 0.000291
54 -0.000921
55 0.00031
56 -0.001067
57 -0.000164
58 -0.000347
59 0.000325
60 0.000397
61 -0.00105
62 6.1e-05
63 -0.000815
64 8.1e-05
65 0.000608
66 0.000395
67 -0.001246
68 -0.000428
69 0.000276
70 -0.000769
71 -1.8e-05
72 0.001102
73 -0.00049
74 -0.001219
75 0.000915
76 -0.000171
77 0.000665
78 -0.002264
79 0.001498
80 -0.001216
81 1.4e-05
82 -0.001644
83 0.000493
84 0.001727
85 -0.001879
86 9.1e-05
87 -0.00098
88 -0.00015
89 0.002098
90 -0.00204
91 -0.000675
92 0.000281
93 -0.000616
94 0.000571
95 -0.000804
96 -6.8e-05
97 0.000405
98 -0.000408
99 0.00065
100 -0.000798
