1 0
2 -0.009932
3 0.003708
4 0.002197
5 0.001356
6 0.000897
7 -6.6e-05
8 0.000198
9 0.000992
10 -0.003488
11 -0.002489
12 -0.001367
13 -0.000638
14 -0.001322
15 -0.001051
16 -0.000587
17 -0.001557
18 -0.001642
19 -0.000805
20 -0.001706
21 -0.001186
22 -0.001456
23 -0.001106
24 -0.00125
25 -0.000491
26 -0.001051
27 -0.000339
28 -0.000656
29 -0.000786
30 0.000208
31 -0.000974
32 -0.000916
33 -0.000378
34 -4.3e-05
35 -0.00056
36 -0.000518
37 5.6e-05
38 -0.000825
39 -0.000456
40 -0.000496
41 9e-05
42 -0.000514
43 0.000237
44 -0.000611
45 -6.1e-05
46 -0.000178
47 -0.00034
48 -0.000218
49 -0.000439
50 0.000227
51 -0.000451
52 -0.000143
53 -0.000611
54 -0.000711
55 -0.000737
56 -0.000844
57 -0.000878
58 -0.001419
59 -0.001017
60 -0.001199
61 -0.001027
62 -0.001811
63 -0.001044
64 -0.000888
65 -0.001531
66 -0.000548
67 -0.000659
68 -0.000646
69 -0.000765
70 -0.00051
71 -0.00031
72 -0.000225
73 -0.00081
74 -0.000567
75 -0.000584
76 0.00029
77 -0.000695
78 -0.000785
79 -0.000388
80 -0.000113
81 -0.000269
82 -0.000387
83 -0.000185
84 -0.00033
85 -4.3e-05
86 -2.1e-05
87 -0.000376
88 -0.000142
89 -0.000137
90 -0.000257
91 -8.6e-05
92 -2.8e-05
93 -0.000225
94 7.2e-05
95 -7.3e-05
96 -0.000333
97 0.000258
98 -0.000586
99 -0.000233
100 -0.000233
