1 0
2 -0.013985
3 -0.000357
4 -0.000889
5 0.000857
6 0.000554
7 -0.001103
8 0.001204
9 0.000278
10 0.000379
11 -0.000113
12 -0.001729
13 0.001115
14 0.000903
15 -0.003456
16 -6.7e-05
17 -0.000456
18 -0.000366
19 0.000152
20 -0.004376
21 0.00011
22 -0.001088
23 0.001888
24 -0.000852
25 -0.001196
26 0.003288
27 0.008045
28 -0.012146
29 0.005165
30 -0.005702
31 -0.000597
32 0.00047
33 -0.001365
34 0.00456
35 -0.001745
36 0.002598
37 -0.006041
38 0.000695
39 0.003381
40 -0.001098
41 0.000405
42 -0.002896
43 -0.000333
44 0.000949
45 3.4e-05
46 0.000504
47 0.001144
48 -0.002384
49 0.002233
50 -0.00142
51 -0.000115
52 0.001605
53 -0.000839
54 -0.000558
55 0.002754
56 -0.00495
57 0.00249
58 -0.002155
59 0.002385
60 0.015354
61 -0.011536
62 -0.007269
63 0.002557
64 -0.000531
65 -5.5e-05
66 -0.001941
67 -0.002478
68 0.000892
69 -0.000824
70 0.002655
71 -0.001474
72 -0.003278
73 0.003309
74 0.000295
75 -0.001641
76 0.00338
77 -0.002812
78 -0.003052
79 0.001283
80 -0.000833
81 0.000837
82 0.003887
83 -0.005267
84 0.000225
85 0.005497
86 -0.004513
87 0.000971
88 0.002293
89 -0.004257
90 0.001585
91 -0.002859
92 0.002897
93 -0.000562
94 0.000211
95 -0.000577
96 0.004097
97 -0.002559
98 -0.000154
99 -0.004913
100 0.002981
