1 0
2 -0.039704
3 -0.003953
4 0.000747
5 0.001132
6 -0.00086
7 -0.002223
8 -0.002924
9 -0.001713
10 4.9e-05
11 -0.002255
12 -0.001906
13 0.001225
14 -0.001506
15 -0.001108
16 4.6e-05
17 -0.00161
18 -0.001479
19 -0.000811
20 -0.003428
21 -0.001438
22 0.000299
23 -0.004441
24 -0.002745
25 -0.002403
26 -0.003332
27 -0.002198
28 -0.002495
29 -0.001085
30 -0.001442
31 -0.001087
32 -0.000965
33 -0.002053
34 -0.000811
35 -0.000652
36 -0.000531
37 -0.000812
38 -0.000613
39 8.3e-05
40 -0.000469
41 -0.000555
42 -0.000237
43 -0.00022
44 -0.00036
45 0.000142
46 -0.000629
47 -0.000168
48 -7.3e-05
49 0.000333
50 -0.000329
51 -8.2e-05
52 -0.000247
53 -5.7e-05
54 -3.3e-05
55 -6.7e-05
56 -0.000127
57 0.000157
58 0.000122
59 -0.000406
60 -8.7e-05
61 -5.2e-05
62 -8e-06
63 6e-06
64 0.000399
65 -0.000459
66 -0.000161
67 -0.000145
68 -7e-06
69 9.6e-05
70 1.6e-05
71 -0.000147
72 -0.000123
73 0.00025
74 -0.000242
75 -0.000116
76 0.000322
77 -0.000194
78 5e-05
79 3.8e-05
80 -0.000234
81 9.8e-05
82 -0.000443
83 2.2e-05
84 -7.7e-05
85 -0.000166
86 0.000305
87 -0.000177
88 -0.004998
89 -0.007349
90 -0.00047
91 -0.003853
92 -0.002889
93 4.4e-05
94 0.001368
95 -0.004444
96 -0.000674
97 -0.001158
98 -0.000826
99 -0.000444
100 0.000458
