1 0
2 -0.031732
3 -0.007039
4 0.007482
5 0.001184
6 0.005108
7 0.001157
8 0.000405
9 -8.2e-05
10 -0.003086
11 -0.014682
12 0.005436
13 0.001272
14 -0.001232
15 -3.8e-05
16 -0.004135
17 0.001784
18 -0.003248
19 -0.000608
20 -0.001809
21 -0.001897
22 -0.00099
23 -0.000829
24 -0.00124
25 -8e-06
26 -3e-05
27 -9.9e-05
28 -0.000348
29 0.001839
30 -0.002346
31 -0.001693
32 -0.002162
33 0.000216
34 -0.002079
35 -0.000321
36 -0.000815
37 -0.003086
38 -6.1e-05
39 -0.00069
40 -0.001598
41 0.002633
42 -0.001155
43 -0.001539
44 -0.000832
45 -0.000246
46 -0.001624
47 -0.001441
48 -0.000862
49 -0.002459
50 -0.000992
51 2e-06
52 -0.002388
53 0.001218
54 0.000632
55 -0.001845
56 -0.000765
57 -0.000713
58 0.00021
59 -0.000876
60 5.1e-05
61 -0.003167
62 0.000418
63 0.00019
64 0.001277
65 -0.003104
66 0.000108
67 -0.000898
68 0.000344
69 -0.000431
70 -0.001746
71 -0.001253
72 -6.9e-05
73 -0.000816
74 -0.000504
75 -0.000118
76 -0.001262
77 0.002901
78 -0.003359
79 -0.000392
80 -2.2e-05
81 -0.001011
82 0.00053
83 -0.002436
84 0.00059
85 -0.000851
86 -0.000441
87 -1.6e-05
88 0.000168
89 -0.001496
90 0.000685
91 -0.00128
92 0.000212
93 -0.00129
94 0.00034
95 -0.000753
96 -0.001979
97 -0.001128
98 -0.000179
99 0.00026
100 -0.00112
