1 0
2 -0.014774
3 -0.00084
4 0.001183
5 0.000934
6 0.001863
7 0.000186
8 0.001098
9 -7e-06
10 -0.000148
11 -7.3e-05
12 -0.0002
13 -5.5e-05
14 0.001056
15 -0.000157
16 -0.000721
17 -0.000318
18 -0.000975
19 -0.001145
20 7.4e-05
21 0.000494
22 -0.000577
23 0.000226
24 -0.000654
25 0.00084
26 -0.000557
27 -0.000822
28 -0.000575
29 -0.000634
30 -0.000109
31 -0.000985
32 -5.4e-05
33 -0.000569
34 -4.7e-05
35 2.7e-05
36 -0.00065
37 -0.000117
38 3e-06
39 -0.000227
40 0.000363
41 -0.000734
42 0.000782
43 -0.000682
44 0.000469
45 2.9e-05
46 -0.000439
47 -7e-06
48 -8.2e-05
49 -0.000162
50 -0.000302
51 0.00037
52 0.000292
53 -0.000341
54 0.000136
55 -0.000128
56 -0.000123
57 0.000255
58 -0.000306
59 -0.000245
60 0.00054
61 -0.000485
62 0.000279
63 -0.000442
64 0.000154
65 0.000794
66 -0.00068
67 -0.000671
68 0.001025
69 -0.00027
70 9.7e-05
71 -0.000218
72 -4e-05
73 -0.00032
74 0.000436
75 7.2e-05
76 -1.9e-05
77 6e-06
78 -0.000392
79 0.000363
80 -0.000178
81 -0.00059
82 0.000125
83 0.000131
84 0.000287
85 -0.000271
86 0.001479
87 -0.00146
88 0.000455
89 -0.000342
90 -0.000217
91 0.000175
92 0.000347
93 -0.000445
94 1e-05
95 -0.000367
96 0.000699
97 -0.00095
98 9e-06
99 0.000215
100 -0.000749
