0000000100
1101010001
1011010100
0000010001
0001011110
0000011010
0100100101
1110011011
0000001110
1100011100
273

0000000000000000000000000000000000000000000110000000000000000000000000000000000000000000110000000000
0000000000000000000000000000000000000000000110000000000000000001000000000000000000000000110000000000
0000000000000000000000000000000000000000000000000000000000000010100000000000000000000000000000000000
0000000000000000000000000000100000000000000000000000000000000001100000011000000000000000000000000000
0000000000000000000000000000100000000000000000000000000000000000000000011000000000000000000000000000
0000000000000000000000000000100000000000000000000000000000000000000000000000000000000000000000000000
0000000000000000000000000000000000000000000000000000000000000000000000000000000000000000000000000000
0000000000000000000000001110001110000000000000000000000000000000000000000000000000000000000000000000
0000000000000000000000000000000000000000000100000000000001110000000000000000000000000000000000000000
0000000000000000000000000000100000000000001010000000000000000000000000000000000000000000000000000000
0000000000000000000000000000100000000000001010000000000000000000000000000000000000000000000000000000
0000000000000000000000000000100000000000000100000000000000000000000000000000000011100000000000000000
0011000000000000000000000000000000000000000000000000000000000000000000000000000000000000000000000000
0011000000000000000000000000000000000000000000000000000001000000000000000000000000000000000000000000
0000000000000000000000000000000000000000000000000000000001000000000000000000000000000000000000000000
0000000000000000000000000000000000000000000000000000000001000000000000000000000000000000000000000000
0000000000000000001100000000000000000000000000000000000000000000000000000000000000000000010000000000
0000000000000000001100000000000000000000000000000000011100011100000000000000100000000000101000000000
0000000000010000000000000000000000000000000000000000000000000000000000000001010000000000101000000000
0000000000010000000000000000000000000000000000000000000001000000000000000000100000000000010000000000
0000000000010000000000000000000000000000000000000000000001000000000000000000000000000000000000000000
0000000000000000000000000000000000000000000000000000000001000000000000000000000000001100000001100000
0000000000000000000000000000000000000000000000000000000000000000000000000000000000010010000010010000
0000000000000000000000000000000000000000000000000000000000000000000000000000000000001100000001100000
0000000000000000000000000000000110000000000000000000000000000000000000000000000000000000000000000000
0000000000000000000000000000001010000000000000000000000000000000000000000000110000000000010000000000
0000000000000000000000000000000100000000000000000000000000000000000000000001001000000000101000000000
0000000000000000000000000000000000000000000000000000000000000000000000000000110000000000101000000000
0000000000000000000000000000000000000000000000000000000000000000000000000000000000000000010000000000
0000000000000000000011000001100000000000000000000000000000000000000000000000000000000000000000000000
0000000000000000000100100010100000000000011000000000000000000000000000000011000000000000000000000000
0000000000000000000101000001000000000000011000000000000000000000000000000011000000000000000000000000
0000000000000000000010000000000000000000000000000000000001100000000000000000000000000000000000000000
0000000000000000000000000000000000000000000000000000000010010000000000000000000000000000000000000000
0000000000000000000000000000000000000000000000000000000001100000000000000000000000000000000000000000
0000000000000000000000000000000000000000000000000000000000000000000000000000000000000000000000000000
0000000000000000000000000000000000000000000000000000000000000000000000000000000000000000000000000000
0000000000000000000000000000000000000000000000000000000000000000000000000000000000000000000000000000
0000000000000000000000000000000000000000000000000000000000000011100000000000000000000000000000000000
0000000000000000011000000000011100000000000000000000000000000000000000000000000000000000000000000000
0000000000000000100100000000000000000000000000000000000000001000001000000000000000000000000000000000
0000000000000000011000000000000000000000000000000000000000001000001000000000000000000000000000000000
0000000000000000000000000000000000000011000011000000000000001000001000000000000000000000000000000000
0000000000000000000000000000000000000011000011000000000000000000000000000000000000000000000000000000
0000000000000000000000000000000000000000000000000000000000000011100000000000000000000000000000000000
0000000000000000000000000000000000000000000000000000000000000000000000000000000000000000000000000000
0000000000000000000000000000001000000000000000000000000000000000000000000000000000000000000000000000
0000000000000000000000000000001000000000000000000000000000000000000000000000000000000000000000000000
0000000000000000000000000000001000000000000000000000000000000000000000000000000000000000000000000000
0000000000000000000000000000000000000000000000000000000000000000000000000000000000000000000000000000
0000000000000000000000000000000000000000000000000000000000000000000000000000000000000000000000000000
0000000000000000000000000000000000000000000000000000000000000000000000000000000000000000000000000000
0000000000000000000000000000000000000000000000000000000000000000000000000000000000000000000000000000
0000000000000000000000000000000000000000000000000000000000000000000000000000001110000000000000000000
0000000000000000000000000000000000000000000000000000000000000000000000000000000000000000000000000000
0000000000000000000000000000000000000000000000000000000000000000000000000000000000000000000000000000
0000000000000000000000000000000000000000000000000000000000000000000000000000010000000000000000000000
0000000000000000000000000000000000000000000000000000000000000001000000000000010000000000000000000000
0000000000000000000000000000000000000000000000000000000000000010100000000000010000000000000000000000
0000000000000000000000000000000000000000000000000000000000000001000000000000000000000000000000000000
0000000000000000000000000000000000000000000000000000000000000000000011000000000000000000000000000000
0000000000000000000000000000000000000000010000000000000000000000000011000000000000000000000000000000
0000000000000000000000000000000000000000101000000000000000000000000000000000000000000000000000000000
0000000000001100000000000000000000000000101000000000000000000000000000000000000000000000000000000000
0000000000001100000000000000000000000000010000000000000000000000000000011100000000000000000000000000
0000000000000000000000000000000000000000000000000000000000000000000000000000000000000000000000000000
0000000000000000000000000000000000001100000001100000110000000000000001000000000000000000000000000000
0000000000000000000000000000000000010010000010010000110000000000000010100000000000000000000000000000
0000000000000000000000000000000000001100000001100000000000000000000010010000000000000000000000000000
0000000000000000000000000000000000000000000000000000000000000000000001100000000000000000000000000000
0000000000000000000000000000000000000000000000000000000000000100000000000000000000000000000000000000
0010000000000000000000000000000000000000000000000000000000001010000000000000000000000000000000000000
0101000000000000000110000000000000000000000000000000000000001010001000000000000000000000000000000000
0101000000000000001001000000000000000000000000000000000100000100010100000000000000000000000000000000
0010000000000000000110000000000000000000000000000000000100000000001000000000000000000000000000000000
0000000000000000000000000000000000000000000000000000000100000000000000000000000000000000000000000000
0000000001000000000000000000000000000000000000000000000000000000000000000000000000000000000000000000
0000000001000000000000000000000000000000000000000000000000000000000000000000000000000000000000000000
0000000001000000000000001100000000000000000000000000000000000000000000000000000000000000000000000000
0000000000000000000000001100000000000000000000000000000000000000000000000000000000000000000000000000
0000000000000000000000000000000000000000000000000000000000000000000000000000000000000000000000000000
0000000000000000000000000000000000000010000000011000000000000000100000100000000000000000000000000000
0000000000000000000000000000000000000101000000011000000000000000100000100000000000000000000000000000
0000000000000000000000000000000000001001000000000000000000000000100000100000000000000000000000000000
0000000000000000000000000000000000000110000000000000000000000000000000000000000000000000000000000000
0000000000000000000000000000000000000000000000000000000000000000001110000000000000000000000000000000
0000000000000000000000000000000000000000000000000000000000000000000000000000000000000000000000000000
0000000000000000000000000000000000000000000000000000000000000000000000000000000000000000000000000000
0000000000000000000000001100000000000000000000000000000000000000000000000000000000000000000000000000
0000000000000000000000001100000000000000000000000000000000000000000000000000000000000000000000000000
0000000000001000000000000000000000000000000000000000000000000000000000000000000000000000000000000000
0000000000010100000000000000000000000000000000000000000000000000000000000000000000000000000000000000
0000000000010100000000000000000000000000000000000000000000000000000000000000000000000000000000000000
0000000000001000000000000000000000000000000000000000000000000000000000000000000000000000000000000000
0000000000000000000000000000000000000000000000000000000000000000000000000000000000000000000000000000
0000000000000000000000000000000000000000000000000000000000000000000000000000000000000000000000000000
0000000000000000000000000000000000000000000000000000000000000000000000000000000000000000000000000000
0000000000000000000000000000000000000000000000000000000000000000000000000000000000000000000000000000
0000000000000000000000000000000000000000000000000000000000000000000000000000000000000000000000000000
0000000000000000000000000000000000000000000000000000000000000000000000000000000000000000000000000000
