1101100111
0000010111
0110001000
0010111001
0000000011
1010011110
0100011100
0000010111
0000010010
1100000001
224

0000000000000000000000000000000000000000000000000000000000000001100000000000000000000000000000000000
0000000000000000000000000000000000000000000000000000000000000001100000000000000000000000000000000000
0000000000000000000000000000000000000000000000000000000000000000000000000000000000000000000000000000
0000000000000000000000000000000000000000000000000000000000000000000000000000000000000000000000000000
0000000000000000000000000000000000000000000000000000000000000000000000000000000000000000000000000000
0000000000000000000000000000000000000000000000000000000000000000000000000000000000000000000000000000
0000000000000000000000000000000001000000000000000000000000000000000000000000000000000000000000000000
0000000000000000000000000000000010100000000000000000000000000000000000000000000000000000000000000000
0000000000000000000000000000000011000000000000000000000000000000000000000000000000000000000000000000
0000000000000000000000000000000000000000000000000000000000000000000000000000000000000000000000000000
0000000000000000000000000000000000000000000000000000000000000000000000000000000000000000000000000000
0000000000000000000000000000000000000000000000000000000000000011000000000000000000000000000000000000
0000000000000000000000000000000000000000000000000000000000000011000000000000000000000000000000000000
0000000000000000000000000000000000000000000000000000000000000000000000000000000000000000000000000000
0000000000000000000000000000000000000000000000000000000000000000000000000000000000000000000000000000
0000000000000000000000000000000000000000000000000000000000011100000000000000000000000000000000000000
0000000000000000000000000000000000000000000000000000001000000000000000001100000000000000000000000000
0000000000000000000000000000000000000000000000000000010100000000000000001100000000000000000000000000
0000000000000000000000000000000011000000000000000000010100000000000000000000000000000000000000000000
0000000000000000000000000000000100100000000000000000001000000000000000000000000000000000000000000000
0000000000000000000000000000000011000000000000000000000000000000000000000000000000000000000000000000
0000000000000000000000000000000000000000000000000000000000000000000000000000000000000000000000000000
0000000000000000000000000000000000000000000000000000000000000000000000000000000000000000000000000000
0000000000000000000000000000000000001000000000000000000000000000000000000000000000000000000000000000
0000000000000000000000000000000000001000000000000000000000000000000000000000000000000000000000000000
0000000000000000000000000000000000001000000000000000000000000000000000000000000000000000000000000000
0000000000000000000000000000000000000000000000000000000000000000000000000000000000000000000000000000
0000000000000000000000000000000000000000000100000000000000000000000000000000000000000000000000000000
0000000000000000000000000000000000000000001010000000000000000000000000000000000000000000000000000000
0000000000000000000000000000000000000000001010000000000000000000000000000000000000000000000000001110
0000000000000000000000000000000000000000000100000000000000000000000000000000000000000000000000000000
0000000000000000000000000000000000000000000000000000000000000000000000000010000000000000000000100001
0000000000000000000000000000000000000000000000000000000000000000000000000010000000000000000000100001
0000000000000000000000000000000000000000000000000000000000000000000000000010000000000000000000100001
0000000000000000000000000000000000000000000000000000000000000000000000000000000000000000000000001110
0000000000000000000000000000000000000000000000000000000000000000000000000000000000000000000000000000
0000000000000000000000000000000000000000000000000000000000000000000011000000000000000000000000001110
0000000000000000000000000000000000000000000000000000000000000000000011000110000000000000000000100001
0000000000000000000000011000000000000000000000000000000000000000000000000110000000000000000000100001
0000000000000000000000011000000000000000000000000000000000000000000000000000000000000000000000100001
0000000000000000000000000000000000000000000000000000000000000000000000000000000000000000000000000000
0000000000000000000000000000000000000000000000000000000000000000000000000000000000000000000000001110
0000000000000000000000000000000000001100000000000000000000000000000000000000000000000000000000000000
0001100000000000000000000000000000001010000000000000000000000000000000000000000000000000000000000000
0010100000000000000000000000000000000100000000000000000000000000000000000000000000000000000000000000
0011000000000000000000000000000000000000000000000000000000000000000000000000000000000000000000001110
0000000000000000000000000000000100000000000000000000000000000000000000000000000000000000000000000000
0000000000000000000000000000000100000000000000000000000000000000000000000000001000000000000000000000
0000000000000000000000000000000100000000000000000000000000000000000000000000010100000000000000000000
0000000000000000000000000000000000000000100000000000000000000000000000000000010100000000000000000000
0000000000000000000000000000000000000000100000000000000000000000000000000000001000000000000000000000
0000000000000000000000000000000000000000100000000000000000000000000000000000000000000000000000000000
0000000000000000000000000000000000000000000000000000000000000000000000000000000000000000000000000000
0000000000000110000000000000000000001110001110000000000000000000000000000000000000000000000000000110
0000000000000110000000000000000000000000000000000000000000000000000000000000000000000000000000001001
0000000000000000000000000000000000000000100000000000000000000000000000000000000000000000000000000101
0000000000000000000000000000000000000000100000000000000000000000000000000000000000000000000000000011
0000000000000000000000000000000000000000100000000000000000000000000000000000000000000000000000000000
0000000000000000000000000000000000000000000000000000000000000000000000000000000000000000000000000000
0000000000000000000000000000000000000000000000000000000000000000000011000000000000000000000000000000
0000000000000000000000000000000000000000000000000000000000000000000011000000000000000000000000000000
0000000000000000000000000000000000000000000000000000000000000000000000000000000000000000000000000000
0000000000000000000000000000000000000000000000000000000000000000000000000000000000000000000000000000
0000000000000000000000110000000000000000000000000000000000000000000000000000000000000000000000000000
0000000000000000000000110000000000000000000000000000000000000000000000000000000000000000000000000000
0000000000000000000000000001100000000000000000000000000000000000000000000000000000000000000000000000
0000000000000000000000000001100000000000000000000000000000000000000000000000000011100000000011000000
0000000000000000000000000000000000000000000000000000000000000000000000000000000000000000000011000000
0000000000000000000000000000000000000000000000000000110000000000000000000000000000000000000000000000
0000000000000000000000000000000000000000000000000000110000000000000000000011000000000111000000000000
1100000000000000000000000000000000000000000000000000000000000000000000000011000110000000000000000000
1100000000000000000000000000000000000000000000000000000000000000000000000000000110000000000000000000
0000000000000000000000000000000000000000000000000000000000000000000000000000000000000000000000000000
0000000000000000000000000000000000000000000000000000001000000000000000000000000000000000000000000000
0000000000000000000000000000000000000000000000000000001000000000000000000000000000000000000000000000
0000000000000000000000000000000000000000000000000000001000000000000000000000000000000000000000010000
0000000000000000000000000000000000000000000000000000000000000000000000000000000000000000000000101000
0000000000000000000000000000000000000000000000000000000011100000000000000000000000000000000000011000
0000000000000000000000000000000000000000000000000110000000000000000000000000000000000000000000000000
0000000000000000000000000000000000000000000000000110001000000000000000000000000000000000000000000000
0000000000000000000000000000000000000000110000000000001000000000000000000000000000000000000000000000
0000000000000000000000000000001100000000101000000000001000000000000000000000000000000000000000000000
1100000000000000000000000000010010000000011000100000000000000000000000000000000000000000000000000000
1100000000000000000000001100001010000000000000100000000000000000000000000000000000000000000000000000
0000000000000000000000001100000100000000000000100000000000000000000000000000000000000000000000000000
0000000000000000000000000000000000000000000000000000000000000000000000000000000000000000000000000000
0000000000000000000000000000000000000000000000000000000000000000000000000000000000000000000000000000
0000000000000000000000000000000000000000000000000000000000000000000000000000000000000000000000000000
0000000000000000000000000000000000000000000000000000000000000000000000000000000000000000000000000000
0000000000000000000000000000000000000000000000000000000000000000000000000000000000000000000000000000
0000000000000000000000000000000000000000000000000000000000000000000000000000000000000000000000000000
0000000000000000000000000000000000000000000000000000000000000000000000000000000000000000000000000000
0000000000000000000000000000000000000000000000000000000000000000000000000000000000000000000000000000
0000000000000000000000000000000000000000000000000000000000000000000000000000000001000000000000000000
0000000000000000000000000000000000000000000000000000000000000000000000000000000010100000000000000000
0000000000000000000000000000000000000000000000000000000000000000000000000000000001100000000000000000
0000000000000000000000000000000000000000000000000000000000000000000000000000000000000000000000000000
0000000000000000000000000000000000000000000000000000000000000000000000000000000000000000000000000000
1100000000000000000000000000000000000000000000001100000000000110000000000000000000000000000000000000
1100000000000000000000000000000000000000000000001100000000000110000000000000000000000000000000000000
